0.5614432 -0.20084908
0.5614432 -0.20084908
0.5782875 -0.12944078
0.5673742 -0.18792144
0.4521546  0.41631231
0.4769256 -0.23876493
0.2709396 -0.16042586
0.5737542 -0.03974641
0.5782875 -0.12944078
0.5177616 -0.23618207
0.4640730 -0.23716333
0.3955120 -0.21815276
0.4411481 -0.23247241
0.3270410 -0.18881312
0.0000000  0.00000000
0.0000000  0.00000000
0.2963179 -0.17363971
0.3694201  0.65292667
0.4391276  0.45472363
0.3143298  0.80535575
0.5686546 -0.18441760
0.3448924 -0.19713425
0.3270410 -0.18881312
0.2048380 -0.12382126
0.5177616 -0.23618207
0.5275446  0.17389556
0.5536024  0.07094263
0.4391276  0.45472363
0.3622732 -0.20482271
0.5328004 -0.23027230
0.3148922 -0.18293259
0.5673742 -0.18792144
