0.5622155 -0.19627967
0.5622155 -0.19627967
0.2733186 -0.16063206
0.5679072 -0.18303565
0.4368661  0.45962723
0.4795431 -0.23721617
0.2733186 -0.16063206
0.5728696 -0.03352166
0.5780804 -0.12371482
0.5197745 -0.23349168
0.4667940 -0.23586809
0.3984078 -0.21775118
0.4439875 -0.23154897
0.3297387 -0.18885033
0.0000000  0.00000000
0.0000000  0.00000000
0.2988545 -0.17378579
0.3669453  0.65671611
0.4368661  0.45962723
0.3117228  0.80823334
0.5691298 -0.17945821
0.3476660 -0.19708650
0.3297387 -0.18885033
0.2067279 -0.12408822
0.5197745 -0.23349168
0.5258079  0.17999349
0.5521948  0.07724239
0.4368661  0.45962723
0.3651057 -0.20467413
0.5344430 -0.22698527
0.3175305 -0.18301808
0.5679072 -0.18303565
