#    R0 = 3
#    CV     Gamma-susc     Gamma-conn   Lognorm-susc   Lognorm-conn      TP-0-susc      TP-0-conn    TP-0.9-susc    TP-0.9-conn
 0.0000         0.6667         0.6667         0.6667         0.6667         0.6667         0.6667         0.6667         0.6667
 0.0100         0.6666         0.6666         0.6666         0.6666         0.6666         0.6666         0.6666         0.6666
 0.0200         0.6665         0.6664         0.6665         0.6664         0.6664         0.6664         0.6665         0.6664
 0.0300         0.6663         0.6660         0.6663         0.6660         0.6661         0.6661         0.6663         0.6660
 0.0400         0.6661         0.6655         0.6661         0.6655         0.6656         0.6656         0.6661         0.6655
 0.0500         0.6658         0.6648         0.6658         0.6648         0.6650         0.6650         0.6657         0.6648
 0.0600         0.6654         0.6640         0.6654         0.6640         0.6643         0.6643         0.6653         0.6640
 0.0700         0.6649         0.6631         0.6649         0.6631         0.6634         0.6634         0.6648         0.6631
 0.0800         0.6643         0.6620         0.6643         0.6620         0.6624         0.6624         0.6643         0.6620
 0.0900         0.6637         0.6608         0.6637         0.6608         0.6613         0.6613         0.6637         0.6608
 0.1000         0.6630         0.6594         0.6630         0.6594         0.6601         0.6601         0.6630         0.6594
 0.1100         0.6623         0.6579         0.6623         0.6579         0.6587         0.6587         0.6623         0.6579
 0.1200         0.6614         0.6563         0.6615         0.6563         0.6572         0.6572         0.6615         0.6562
 0.1300         0.6605         0.6545         0.6606         0.6545         0.6556         0.6556         0.6607         0.6545
 0.1400         0.6596         0.6526         0.6596         0.6526         0.6539         0.6539         0.6598         0.6526
 0.1500         0.6585         0.6505         0.6586         0.6505         0.6520         0.6520         0.6589         0.6505
 0.1600         0.6574         0.6483         0.6575         0.6484         0.6500         0.6500         0.6580         0.6484
 0.1700         0.6562         0.6460         0.6564         0.6461         0.6479         0.6479         0.6570         0.6461
 0.1800         0.6550         0.6436         0.6552         0.6436         0.6457         0.6457         0.6561         0.6437
 0.1900         0.6537         0.6411         0.6539         0.6411         0.6434         0.6434         0.6551         0.6412
 0.2000         0.6523         0.6384         0.6526         0.6384         0.6410         0.6410         0.6540         0.6385
 0.2100         0.6508         0.6356         0.6512         0.6357         0.6385         0.6385         0.6530         0.6358
 0.2200         0.6493         0.6327         0.6498         0.6328         0.6359         0.6359         0.6520         0.6329
 0.2300         0.6478         0.6297         0.6483         0.6298         0.6332         0.6332         0.6510         0.6300
 0.2400         0.6461         0.6266         0.6467         0.6267         0.6304         0.6304         0.6500         0.6269
 0.2500         0.6444         0.6234         0.6451         0.6235         0.6275         0.6275         0.6489         0.6238
 0.2600         0.6427         0.6201         0.6435         0.6202         0.6245         0.6245         0.6479         0.6205
 0.2700         0.6408         0.6167         0.6418         0.6168         0.6214         0.6214         0.6470         0.6172
 0.2800         0.6390         0.6131         0.6400         0.6132         0.6182         0.6182         0.6460         0.6137
 0.2900         0.6370         0.6095         0.6382         0.6097         0.6149         0.6149         0.6450         0.6102
 0.3000         0.6350         0.6059         0.6364         0.6060         0.6116         0.6116         0.6441         0.6066
 0.3100         0.6330         0.6021         0.6345         0.6022         0.6082         0.6082         0.6432         0.6030
 0.3200         0.6309         0.5982         0.6326         0.5984         0.6047         0.6047         0.6423         0.5992
 0.3300         0.6287         0.5943         0.6306         0.5944         0.6012         0.6012         0.6415         0.5954
 0.3400         0.6265         0.5903         0.6286         0.5904         0.5976         0.5976         0.6407         0.5915
 0.3500         0.6242         0.5862         0.6266         0.5864         0.5939         0.5939         0.6399         0.5875
 0.3600         0.6219         0.5821         0.6245         0.5822         0.5902         0.5902         0.6392         0.5835
 0.3700         0.6195         0.5779         0.6224         0.5780         0.5864         0.5864         0.6385         0.5794
 0.3800         0.6171         0.5736         0.6203         0.5738         0.5825         0.5825         0.6378         0.5753
 0.3900         0.6146         0.5693         0.6181         0.5695         0.5787         0.5787         0.6371         0.5710
 0.4000         0.6121         0.5649         0.6159         0.5651         0.5747         0.5747         0.6365         0.5668
 0.4100         0.6096         0.5605         0.6137         0.5607         0.5707         0.5707         0.6360         0.5624
 0.4200         0.6070         0.5561         0.6115         0.5562         0.5667         0.5667         0.6354         0.5580
 0.4300         0.6043         0.5516         0.6092         0.5517         0.5626         0.5626         0.6349         0.5536
 0.4400         0.6016         0.5470         0.6069         0.5471         0.5585         0.5585         0.6344         0.5491
 0.4500         0.5989         0.5425         0.6046         0.5425         0.5544         0.5544         0.6340         0.5445
 0.4600         0.5962         0.5379         0.6023         0.5379         0.5502         0.5502         0.6336         0.5399
 0.4700         0.5934         0.5333         0.5999         0.5333         0.5460         0.5460         0.6332         0.5353
 0.4800         0.5905         0.5286         0.5976         0.5286         0.5418         0.5418         0.6329         0.5306
 0.4900         0.5877         0.5239         0.5952         0.5239         0.5376         0.5376         0.6325         0.5258
 0.5000         0.5848         0.5193         0.5928         0.5191         0.5333         0.5333         0.6322         0.5210
 0.5100         0.5818         0.5145         0.5904         0.5144         0.5291         0.5291         0.6320         0.5162
 0.5200         0.5789         0.5098         0.5879         0.5096         0.5248         0.5248         0.6317         0.5113
 0.5300         0.5759         0.5051         0.5855         0.5048         0.5205         0.5205         0.6315         0.5063
 0.5400         0.5728         0.5004         0.5830         0.5001         0.5162         0.5162         0.6313         0.5013
 0.5500         0.5698         0.4957         0.5806         0.4953         0.5118         0.5118         0.6311         0.4963
 0.5600         0.5667         0.4909         0.5781         0.4904         0.5075         0.5075         0.6309         0.4912
 0.5700         0.5636         0.4862         0.5756         0.4856         0.5032         0.5032         0.6308         0.4860
 0.5800         0.5605         0.4815         0.5732         0.4808         0.4989         0.4989         0.6306         0.4808
 0.5900         0.5573         0.4767         0.5707         0.4760         0.4945         0.4945         0.6305         0.4756
 0.6000         0.5542         0.4720         0.5682         0.4712         0.4902         0.4902         0.6304         0.4703
 0.6100         0.5510         0.4673         0.5657         0.4664         0.4859         0.4859         0.6303         0.4650
 0.6200         0.5478         0.4627         0.5632         0.4616         0.4816         0.4816         0.6302         0.4596
 0.6300         0.5445         0.4580         0.5607         0.4568         0.4772         0.4772         0.6302         0.4542
 0.6400         0.5413         0.4533         0.5582         0.4521         0.4729         0.4729         0.6301         0.4488
 0.6500         0.5381         0.4487         0.5557         0.4473         0.4687         0.4687         0.6300         0.4433
 0.6600         0.5348         0.4441         0.5532         0.4425         0.4644         0.4644         0.6300         0.4377
 0.6700         0.5315         0.4395         0.5507         0.4378         0.4601         0.4601         0.6299         0.4321
 0.6800         0.5282         0.4349         0.5482         0.4331         0.4559         0.4559         0.6299         0.4265
 0.6900         0.5249         0.4304         0.5457         0.4284         0.4516         0.4516         0.6298         0.4208
 0.7000         0.5216         0.4258         0.5432         0.4237         0.4474         0.4474         0.6298         0.4151
 0.7100         0.5183         0.4214         0.5407         0.4191         0.4432         0.4432         0.6298         0.4094
 0.7200         0.5150         0.4169         0.5382         0.4145         0.4391         0.4391         0.6298         0.4036
 0.7300         0.5116         0.4125         0.5357         0.4099         0.4349         0.4349         0.6297         0.3977
 0.7400         0.5083         0.4081         0.5332         0.4053         0.4308         0.4308         0.6297         0.3919
 0.7500         0.5050         0.4037         0.5308         0.4008         0.4267         0.4267         0.6297         0.3860
 0.7600         0.5016         0.3994         0.5283         0.3962         0.4226         0.4226         0.6297         0.3801
 0.7700         0.4983         0.3951         0.5258         0.3918         0.4185         0.4185         0.6297         0.3741
 0.7800         0.4949         0.3908         0.5234         0.3873         0.4145         0.4145         0.6297         0.3681
 0.7900         0.4916         0.3866         0.5209         0.3829         0.4105         0.4105         0.6297         0.3621
 0.8000         0.4882         0.3824         0.5185         0.3785         0.4065         0.4065         0.6297         0.3561
 0.8100         0.4849         0.3782         0.5161         0.3741         0.4026         0.4026         0.6297         0.3501
 0.8200         0.4815         0.3741         0.5136         0.3698         0.3986         0.3986         0.6297         0.3440
 0.8300         0.4782         0.3700         0.5112         0.3655         0.3947         0.3947         0.6297         0.3379
 0.8400         0.4749         0.3660         0.5088         0.3613         0.3909         0.3909         0.6296         0.3319
 0.8500         0.4715         0.3619         0.5064         0.3571         0.3870         0.3870         0.6296         0.3258
 0.8600         0.4682         0.3580         0.5041         0.3529         0.3832         0.3832         0.6296         0.3197
 0.8700         0.4649         0.3540         0.5017         0.3487         0.3795         0.3795         0.6296         0.3136
 0.8800         0.4616         0.3502         0.4993         0.3446         0.3757         0.3757         0.6296         0.3075
 0.8900         0.4583         0.3463         0.4970         0.3406         0.3720         0.3720         0.6296         0.3015
 0.9000         0.4550         0.3425         0.4946         0.3365         0.3683         0.3683         0.6296         0.2954
 0.9100         0.4517         0.3387         0.4923         0.3325         0.3647         0.3647         0.6296         0.2894
 0.9200         0.4484         0.3350         0.4900         0.3286         0.3611         0.3611         0.6296         0.2834
 0.9300         0.4452         0.3313         0.4877         0.3247         0.3575         0.3575         0.6296         0.2775
 0.9400         0.4419         0.3277         0.4854         0.3208         0.3539         0.3539         0.6296         0.2716
 0.9500         0.4387         0.3241         0.4831         0.3170         0.3504         0.3504         0.6296         0.2657
 0.9600         0.4354         0.3205         0.4808         0.3132         0.3469         0.3469         0.6296         0.2599
 0.9700         0.4322         0.3170         0.4786         0.3094         0.3435         0.3435         0.6296         0.2541
 0.9800         0.4290         0.3135         0.4763         0.3057         0.3401         0.3401         0.6296         0.2484
 0.9900         0.4258         0.3100         0.4741         0.3020         0.3367         0.3367         0.6296         0.2428
 1.0000         0.4226         0.3066         0.4719         0.2984         0.3333         0.3333         0.6296         0.2372
 1.0100         0.4195         0.3033         0.4696         0.2948         0.3300         0.3300         0.6296         0.2317
 1.0200         0.4163         0.2999         0.4675         0.2913         0.3267         0.3267         0.6296         0.2263
 1.0300         0.4132         0.2967         0.4653         0.2878         0.3235         0.3235         0.6296         0.2210
 1.0400         0.4101         0.2934         0.4631         0.2843         0.3203         0.3203         0.6296         0.2157
 1.0500         0.4070         0.2902         0.4609         0.2808         0.3171         0.3171         0.6296         0.2106
 1.0600         0.4039         0.2870         0.4588         0.2775         0.3139         0.3139         0.6296         0.2056
 1.0700         0.4008         0.2839         0.4567         0.2741         0.3108         0.3108         0.6296         0.2006
 1.0800         0.3978         0.2808         0.4545         0.2708         0.3077         0.3077         0.6296         0.1958
 1.0900         0.3947         0.2778         0.4524         0.2675         0.3047         0.3047         0.6296         0.1911
 1.1000         0.3917         0.2747         0.4503         0.2643         0.3017         0.3017         0.6296         0.1864
 1.1100         0.3887         0.2718         0.4483         0.2611         0.2987         0.2987         0.6296         0.1819
 1.1200         0.3857         0.2688         0.4462         0.2579         0.2957         0.2957         0.6296         0.1775
 1.1300         0.3828         0.2659         0.4441         0.2548         0.2928         0.2928         0.6296         0.1732
 1.1400         0.3798         0.2631         0.4421         0.2517         0.2899         0.2899         0.6296         0.1690
 1.1500         0.3769         0.2602         0.4401         0.2487         0.2870         0.2870         0.6296         0.1649
 1.1600         0.3740         0.2574         0.4381         0.2457         0.2842         0.2842         0.6296         0.1610
 1.1700         0.3711         0.2547         0.4361         0.2427         0.2814         0.2814         0.6296         0.1571
 1.1800         0.3682         0.2519         0.4341         0.2398         0.2787         0.2787         0.6296         0.1533
 1.1900         0.3654         0.2492         0.4321         0.2369         0.2759         0.2759         0.6296         0.1497
 1.2000         0.3625         0.2466         0.4301         0.2340         0.2732         0.2732         0.6296         0.1461
 1.2100         0.3597         0.2440         0.4282         0.2312         0.2706         0.2706         0.6296         0.1427
 1.2200         0.3569         0.2414         0.4263         0.2284         0.2679         0.2679         0.6296         0.1393
 1.2300         0.3542         0.2388         0.4243         0.2257         0.2653         0.2653         0.6296         0.1361
 1.2400         0.3514         0.2363         0.4224         0.2230         0.2627         0.2627         0.6296         0.1329
 1.2500         0.3487         0.2338         0.4205         0.2203         0.2602         0.2602         0.6296         0.1298
 1.2600         0.3459         0.2314         0.4186         0.2176         0.2576         0.2576         0.6296         0.1269
 1.2700         0.3433         0.2289         0.4168         0.2150         0.2551         0.2551         0.6296         0.1240
 1.2800         0.3406         0.2265         0.4149         0.2124         0.2527         0.2527         0.6296         0.1212
 1.2900         0.3379         0.2242         0.4131         0.2099         0.2502         0.2502         0.6296         0.1185
 1.3000         0.3353         0.2218         0.4112         0.2074         0.2478         0.2478         0.6296         0.1158
 1.3100         0.3327         0.2195         0.4094         0.2049         0.2454         0.2455         0.6296         0.1133
 1.3200         0.3301         0.2173         0.4076         0.2025         0.2431         0.2431         0.6296         0.1108
 1.3300         0.3275         0.2150         0.4058         0.2001         0.2408         0.2408         0.6296         0.1084
 1.3400         0.3250         0.2128         0.4041         0.1977         0.2385         0.2385         0.6296         0.1060
 1.3500         0.3224         0.2106         0.4023         0.1953         0.2362         0.2362         0.6296         0.1038
 1.3600         0.3199         0.2085         0.4005         0.1930         0.2340         0.2340         0.6296         0.1016
 1.3700         0.3174         0.2063         0.3988         0.1907         0.2317         0.2317         0.6296         0.0994
 1.3800         0.3149         0.2042         0.3971         0.1885         0.2295         0.2295         0.6296         0.0974
 1.3900         0.3125         0.2022         0.3953         0.1863         0.2274         0.2274         0.6296         0.0953
 1.4000         0.3101         0.2001         0.3936         0.1841         0.2252         0.2252         0.6296         0.0934
 1.4100         0.3076         0.1981         0.3919         0.1819         0.2231         0.2231         0.6296         0.0915
 1.4200         0.3053         0.1961         0.3903         0.1798         0.2210         0.2210         0.6296         0.0896
 1.4300         0.3029         0.1941         0.3886         0.1776         0.2189         0.2189         0.6296         0.0879
 1.4400         0.3005         0.1922         0.3869         0.1756         0.2169         0.2169         0.6296         0.0861
 1.4500         0.2982         0.1903         0.3853         0.1735         0.2149         0.2149         0.6296         0.0844
 1.4600         0.2959         0.1884         0.3837         0.1715         0.2129         0.2129         0.6296         0.0828
 1.4700         0.2936         0.1865         0.3820         0.1695         0.2109         0.2109         0.6296         0.0812
 1.4800         0.2913         0.1847         0.3804         0.1675         0.2090         0.2090         0.6296         0.0796
 1.4900         0.2891         0.1829         0.3788         0.1656         0.2070         0.2070         0.6296         0.0781
 1.5000         0.2868         0.1811         0.3772         0.1637         0.2051         0.2051         0.6296         0.0767
 1.5100         0.2846         0.1793         0.3757         0.1618         0.2032         0.2032         0.6296         0.0752
 1.5200         0.2824         0.1775         0.3741         0.1599         0.2014         0.2014         0.6296         0.0739
 1.5300         0.2802         0.1758         0.3725         0.1581         0.1995         0.1995         0.6296         0.0725
 1.5400         0.2781         0.1741         0.3710         0.1562         0.1977         0.1977         0.6296         0.0712
 1.5500         0.2759         0.1724         0.3695         0.1544         0.1959         0.1959         0.6296         0.0699
 1.5600         0.2738         0.1708         0.3679         0.1527         0.1942         0.1942         0.6296         0.0687
 1.5700         0.2717         0.1691         0.3664         0.1509         0.1924         0.1924         0.6296         0.0675
 1.5800         0.2696         0.1675         0.3649         0.1492         0.1907         0.1907         0.6296         0.0663
 1.5900         0.2676         0.1659         0.3634         0.1475         0.1890         0.1890         0.6296         0.0651
 1.6000         0.2655         0.1643         0.3620         0.1458         0.1873         0.1873         0.6296         0.0640
 1.6100         0.2635         0.1628         0.3605         0.1442         0.1856         0.1856         0.6296         0.0629
 1.6200         0.2615         0.1612         0.3590         0.1426         0.1839         0.1839         0.6296         0.0619
 1.6300         0.2595         0.1597         0.3576         0.1410         0.1823         0.1823         0.6296         0.0608
 1.6400         0.2575         0.1582         0.3562         0.1394         0.1807         0.1807         0.6296         0.0598
 1.6500         0.2556         0.1567         0.3547         0.1378         0.1791         0.1791         0.6296         0.0588
 1.6600         0.2536         0.1553         0.3533         0.1363         0.1775         0.1775         0.6296         0.0579
 1.6700         0.2517         0.1538         0.3519         0.1347         0.1760         0.1760         0.6296         0.0569
 1.6800         0.2498         0.1524         0.3505         0.1332         0.1744         0.1744         0.6296         0.0560
 1.6900         0.2479         0.1510         0.3491         0.1317         0.1729         0.1729         0.6296         0.0551
 1.7000         0.2460         0.1496         0.3477         0.1303         0.1714         0.1714         0.6296         0.0542
 1.7100         0.2442         0.1482         0.3464         0.1288         0.1699         0.1699         0.6296         0.0534
 1.7200         0.2424         0.1469         0.3450         0.1274         0.1684         0.1684         0.6296         0.0526
 1.7300         0.2405         0.1455         0.3437         0.1260         0.1670         0.1670         0.6296         0.0517
 1.7400         0.2387         0.1442         0.3423         0.1246         0.1655         0.1655         0.6296         0.0509
 1.7500         0.2369         0.1429         0.3410         0.1233         0.1641         0.1641         0.6296         0.0502
 1.7600         0.2352         0.1416         0.3397         0.1219         0.1627         0.1627         0.6296         0.0494
 1.7700         0.2334         0.1403         0.3384         0.1206         0.1613         0.1613         0.6296         0.0487
 1.7800         0.2317         0.1391         0.3371         0.1193         0.1599         0.1599         0.6296         0.0480
 1.7900         0.2300         0.1378         0.3358         0.1180         0.1586         0.1586         0.6296         0.0472
 1.8000         0.2283         0.1366         0.3345         0.1167         0.1572         0.1572         0.6296         0.0466
 1.8100         0.2266         0.1354         0.3332         0.1154         0.1559         0.1559         0.6296         0.0459
 1.8200         0.2249         0.1342         0.3320         0.1142         0.1546         0.1546         0.6296         0.0452
 1.8300         0.2232         0.1330         0.3307         0.1130         0.1533         0.1533         0.6296         0.0446
 1.8400         0.2216         0.1318         0.3295         0.1117         0.1520         0.1520         0.6296         0.0439
 1.8500         0.2200         0.1307         0.3282         0.1105         0.1507         0.1507         0.6296         0.0433
 1.8600         0.2183         0.1295         0.3270         0.1094         0.1495         0.1495         0.6296         0.0427
 1.8700         0.2168         0.1284         0.3258         0.1082         0.1483         0.1483         0.6296         0.0421
 1.8800         0.2152         0.1273         0.3246         0.1070         0.1470         0.1470         0.6296         0.0415
 1.8900         0.2136         0.1262         0.3234         0.1059         0.1458         0.1458         0.6296         0.0410
 1.9000         0.2120         0.1251         0.3222         0.1048         0.1446         0.1446         0.6296         0.0404
 1.9100         0.2105         0.1240         0.3210         0.1037         0.1434         0.1434         0.6296         0.0399
 1.9200         0.2090         0.1230         0.3198         0.1026         0.1423         0.1423         0.6296         0.0393
 1.9300         0.2075         0.1219         0.3186         0.1015         0.1411         0.1411         0.6296         0.0388
 1.9400         0.2060         0.1209         0.3175         0.1005         0.1400         0.1400         0.6296         0.0383
 1.9500         0.2045         0.1199         0.3163         0.0994         0.1388         0.1388         0.6296         0.0378
 1.9600         0.2030         0.1188         0.3152         0.0984         0.1377         0.1377         0.6296         0.0373
 1.9700         0.2016         0.1178         0.3140         0.0973         0.1366         0.1366         0.6296         0.0368
 1.9800         0.2001         0.1169         0.3129         0.0963         0.1355         0.1355         0.6296         0.0363
 1.9900         0.1987         0.1159         0.3118         0.0953         0.1344         0.1344         0.6296         0.0359
 2.0000         0.1973         0.1149         0.3106         0.0944         0.1333         0.1333         0.6296         0.0354
 2.0100         0.1959         0.1140         0.3095         0.0934         0.1323         0.1323         0.6296         0.0350
 2.0200         0.1945         0.1130         0.3084         0.0924         0.1312         0.1312         0.6296         0.0345
 2.0300         0.1931         0.1121         0.3073         0.0915         0.1302         0.1302         0.6296         0.0341
 2.0400         0.1917         0.1112         0.3062         0.0905         0.1292         0.1292         0.6296         0.0337
 2.0500         0.1904         0.1102         0.3052         0.0896         0.1281         0.1281         0.6296         0.0333
 2.0600         0.1890         0.1093         0.3041         0.0887         0.1271         0.1271         0.6296         0.0329
 2.0700         0.1877         0.1085         0.3030         0.0878         0.1261         0.1261         0.6296         0.0325
 2.0800         0.1864         0.1076         0.3020         0.0869         0.1252         0.1252         0.6296         0.0321
 2.0900         0.1851         0.1067         0.3009         0.0861         0.1242         0.1242         0.6296         0.0317
 2.1000         0.1838         0.1058         0.2999         0.0852         0.1232         0.1232         0.6296         0.0313
 2.1100         0.1825         0.1050         0.2988         0.0843         0.1223         0.1223         0.6296         0.0310
 2.1200         0.1812         0.1042         0.2978         0.0835         0.1213         0.1213         0.6296         0.0306
 2.1300         0.1800         0.1033         0.2968         0.0827         0.1204         0.1204         0.6296         0.0302
 2.1400         0.1787         0.1025         0.2958         0.0818         0.1195         0.1195         0.6296         0.0299
 2.1500         0.1775         0.1017         0.2948         0.0810         0.1186         0.1186         0.6296         0.0295
 2.1600         0.1763         0.1009         0.2937         0.0802         0.1177         0.1177         0.6296         0.0292
 2.1700         0.1751         0.1001         0.2928         0.0794         0.1168         0.1168         0.6296         0.0289
 2.1800         0.1739         0.0993         0.2918         0.0787         0.1159         0.1159         0.6296         0.0286
 2.1900         0.1727         0.0985         0.2908         0.0779         0.1150         0.1150         0.6296         0.0282
 2.2000         0.1715         0.0978         0.2898         0.0771         0.1142         0.1142         0.6296         0.0279
 2.2100         0.1703         0.0970         0.2888         0.0764         0.1133         0.1133         0.6296         0.0276
 2.2200         0.1692         0.0962         0.2879         0.0756         0.1125         0.1125         0.6296         0.0273
 2.2300         0.1680         0.0955         0.2869         0.0749         0.1116         0.1116         0.6296         0.0270
 2.2400         0.1669         0.0948         0.2859         0.0742         0.1108         0.1108         0.6296         0.0267
 2.2500         0.1657         0.0940         0.2850         0.0734         0.1100         0.1100         0.6296         0.0264
 2.2600         0.1646         0.0933         0.2841         0.0727         0.1092         0.1092         0.6296         0.0261
 2.2700         0.1635         0.0926         0.2831         0.0720         0.1084         0.1083         0.6296         0.0259
 2.2800         0.1624         0.0919         0.2822         0.0713         0.1076         0.1076         0.6296         0.0256
 2.2900         0.1613         0.0912         0.2813         0.0707         0.1068         0.1068         0.6296         0.0253
 2.3000         0.1603         0.0905         0.2804         0.0700         0.1060         0.1060         0.6296         0.0250
 2.3100         0.1592         0.0898         0.2794         0.0693         0.1052         0.1052         0.6296         0.0248
 2.3200         0.1581         0.0892         0.2785         0.0687         0.1045         0.1045         0.6296         0.0245
 2.3300         0.1571         0.0885         0.2776         0.0680         0.1037         0.1037         0.6296         0.0243
 2.3400         0.1560         0.0878         0.2767         0.0674         0.1030         0.1030         0.6296         0.0240
 2.3500         0.1550         0.0872         0.2759         0.0667         0.1022         0.1022         0.6296         0.0238
 2.3600         0.1540         0.0865         0.2750         0.0661         0.1015         0.1015         0.6296         0.0235
 2.3700         0.1530         0.0859         0.2741         0.0655         0.1008         0.1008         0.6296         0.0233
 2.3800         0.1520         0.0853         0.2732         0.0649         0.1000         0.1000         0.6296         0.0231
 2.3900         0.1510         0.0846         0.2724         0.0643         0.0993         0.0993         0.6296         0.0228
 2.4000         0.1500         0.0840         0.2715         0.0637         0.0986         0.0986         0.6296         0.0226
 2.4100         0.1490         0.0834         0.2706         0.0631         0.0979         0.0979         0.6296         0.0224
 2.4200         0.1481         0.0828         0.2698         0.0625         0.0972         0.0972         0.6296         0.0222
 2.4300         0.1471         0.0822         0.2689         0.0619         0.0965         0.0965         0.6296         0.0219
 2.4400         0.1461         0.0816         0.2681         0.0614         0.0959         0.0959         0.6296         0.0217
 2.4500         0.1452         0.0810         0.2673         0.0608         0.0952         0.0952         0.6296         0.0215
 2.4600         0.1443         0.0804         0.2664         0.0602         0.0945         0.0945         0.6296         0.0213
 2.4700         0.1433         0.0798         0.2656         0.0597         0.0939         0.0939         0.6296         0.0211
 2.4800         0.1424         0.0793         0.2648         0.0592         0.0932         0.0932         0.6296         0.0209
 2.4900         0.1415         0.0787         0.2640         0.0586         0.0926         0.0926         0.6296         0.0207
 2.5000         0.1406         0.0782         0.2632         0.0581         0.0920         0.0920         0.6296         0.0205
 2.5100         0.1397         0.0776         0.2624         0.0576         0.0913         0.0913         0.6296         0.0203
 2.5200         0.1388         0.0771         0.2616         0.0570         0.0907         0.0907         0.6296         0.0201
 2.5300         0.1380         0.0765         0.2608         0.0565         0.0901         0.0901         0.6296         0.0199
 2.5400         0.1371         0.0760         0.2600         0.0560         0.0895         0.0895         0.6296         0.0198
 2.5500         0.1362         0.0754         0.2592         0.0555         0.0889         0.0889         0.6296         0.0196
 2.5600         0.1354         0.0749         0.2584         0.0550         0.0883         0.0883         0.6296         0.0194
 2.5700         0.1345         0.0744         0.2576         0.0545         0.0877         0.0877         0.6296         0.0192
 2.5800         0.1337         0.0739         0.2569         0.0541         0.0871         0.0871         0.6296         0.0190
 2.5900         0.1328         0.0734         0.2561         0.0536         0.0865         0.0865         0.6296         0.0189
 2.6000         0.1320         0.0729         0.2553         0.0531         0.0859         0.0859         0.6296         0.0187
 2.6100         0.1312         0.0724         0.2546         0.0526         0.0853         0.0853         0.6296         0.0185
 2.6200         0.1304         0.0719         0.2538         0.0522         0.0848         0.0848         0.6296         0.0184
 2.6300         0.1296         0.0714         0.2531         0.0517         0.0842         0.0842         0.6296         0.0182
 2.6400         0.1288         0.0709         0.2523         0.0513         0.0837         0.0837         0.6296         0.0180
 2.6500         0.1280         0.0704         0.2516         0.0508         0.0831         0.0831         0.6296         0.0179
 2.6600         0.1272         0.0699         0.2509         0.0504         0.0826         0.0826         0.6296         0.0177
 2.6700         0.1264         0.0695         0.2501         0.0499         0.0820         0.0820         0.6296         0.0176
 2.6800         0.1256         0.0690         0.2494         0.0495         0.0815         0.0815         0.6296         0.0174
 2.6900         0.1249         0.0685         0.2487         0.0491         0.0809         0.0809         0.6296         0.0173
 2.7000         0.1241         0.0681         0.2480         0.0487         0.0804         0.0804         0.6296         0.0171
 2.7100         0.1234         0.0676         0.2472         0.0483         0.0799         0.0799         0.6296         0.0170
 2.7200         0.1226         0.0672         0.2465         0.0478         0.0794         0.0794         0.6296         0.0168
 2.7300         0.1219         0.0667         0.2458         0.0474         0.0789         0.0789         0.6296         0.0167
 2.7400         0.1211         0.0663         0.2451         0.0470         0.0784         0.0784         0.6296         0.0165
 2.7500         0.1204         0.0659         0.2444         0.0466         0.0779         0.0779         0.6296         0.0164
 2.7600         0.1197         0.0654         0.2437         0.0462         0.0774         0.0774         0.6296         0.0163
 2.7700         0.1190         0.0650         0.2430         0.0458         0.0769         0.0769         0.6296         0.0161
 2.7800         0.1183         0.0646         0.2423         0.0455         0.0764         0.0764         0.6296         0.0160
 2.7900         0.1176         0.0642         0.2417         0.0451         0.0759         0.0759         0.6296         0.0159
 2.8000         0.1169         0.0637         0.2410         0.0447         0.0754         0.0754         0.6296         0.0157
 2.8100         0.1162         0.0633         0.2403         0.0443         0.0749         0.0749         0.6296         0.0156
 2.8200         0.1155         0.0629         0.2396         0.0440         0.0745         0.0745         0.6296         0.0155
 2.8300         0.1148         0.0625         0.2390         0.0436         0.0740         0.0740         0.6296         0.0154
 2.8400         0.1141         0.0621         0.2383         0.0432         0.0735         0.0735         0.6296         0.0152
 2.8500         0.1135         0.0617         0.2376         0.0429         0.0731         0.0731         0.6296         0.0151
 2.8600         0.1128         0.0613         0.2370         0.0425         0.0726         0.0726         0.6296         0.0150
 2.8700         0.1121         0.0609         0.2363         0.0422         0.0722         0.0722         0.6296         0.0149
 2.8800         0.1115         0.0606         0.2357         0.0418         0.0717         0.0717         0.6296         0.0148
 2.8900         0.1108         0.0602         0.2350         0.0415         0.0713         0.0713         0.6296         0.0146
 2.9000         0.1102         0.0598         0.2344         0.0411         0.0708         0.0708         0.6296         0.0145
 2.9100         0.1096         0.0594         0.2338         0.0408         0.0704         0.0704         0.6296         0.0144
 2.9200         0.1089         0.0590         0.2331         0.0405         0.0700         0.0700         0.6296         0.0143
 2.9300         0.1083         0.0587         0.2325         0.0401         0.0696         0.0696         0.6296         0.0142
 2.9400         0.1077         0.0583         0.2319         0.0398         0.0691         0.0691         0.6296         0.0141
 2.9500         0.1071         0.0579         0.2312         0.0395         0.0687         0.0687         0.6296         0.0140
 2.9600         0.1064         0.0576         0.2306         0.0392         0.0683         0.0683         0.6296         0.0139
 2.9700         0.1058         0.0572         0.2300         0.0389         0.0679         0.0679         0.6296         0.0138
 2.9800         0.1052         0.0569         0.2294         0.0386         0.0675         0.0675         0.6296         0.0137
 2.9900         0.1046         0.0565         0.2288         0.0382         0.0671         0.0671         0.6296         0.0136
 3.0000         0.1040         0.0562         0.2282         0.0379         0.0667         0.0667         0.6296         0.0134
 3.0100         0.1035         0.0558         0.2276         0.0376         0.0663         0.0663         0.6296         0.0133
 3.0200         0.1029         0.0555         0.2270         0.0373         0.0659         0.0659         0.6296         0.0132
 3.0300         0.1023         0.0552         0.2264         0.0370         0.0655         0.0655         0.6296         0.0132
 3.0400         0.1017         0.0548         0.2258         0.0368         0.0651         0.0651         0.6296         0.0131
 3.0500         0.1011         0.0545         0.2252         0.0365         0.0647         0.0647         0.6296         0.0130
 3.0600         0.1006         0.0542         0.2246         0.0362         0.0643         0.0643         0.6296         0.0129
 3.0700         0.1000         0.0538         0.2240         0.0359         0.0639         0.0639         0.6296         0.0128
 3.0800         0.0995         0.0535         0.2234         0.0356         0.0636         0.0636         0.6296         0.0127
 3.0900         0.0989         0.0532         0.2228         0.0353         0.0632         0.0632         0.6296         0.0126
 3.1000         0.0984         0.0529         0.2223         0.0351         0.0628         0.0628         0.6296         0.0125
 3.1100         0.0978         0.0526         0.2217         0.0348         0.0625         0.0625         0.6296         0.0124
 3.1200         0.0973         0.0523         0.2211         0.0345         0.0621         0.0621         0.6296         0.0123
 3.1300         0.0967         0.0519         0.2205         0.0343         0.0617         0.0617         0.6296         0.0122
 3.1400         0.0962         0.0516         0.2200         0.0340         0.0614         0.0614         0.6296         0.0121
 3.1500         0.0957         0.0513         0.2194         0.0337         0.0610         0.0610         0.6296         0.0120
 3.1600         0.0952         0.0510         0.2189         0.0335         0.0607         0.0607         0.6296         0.0120
 3.1700         0.0946         0.0507         0.2183         0.0332         0.0603         0.0603         0.6296         0.0119
 3.1800         0.0941         0.0504         0.2177         0.0330         0.0600         0.0600         0.6296         0.0118
 3.1900         0.0936         0.0502         0.2172         0.0327         0.0597         0.0597         0.6296         0.0117
 3.2000         0.0931         0.0499         0.2166         0.0325         0.0593         0.0593         0.6296         0.0116
 3.2100         0.0926         0.0496         0.2161         0.0322         0.0590         0.0590         0.6296         0.0116
 3.2200         0.0921         0.0493         0.2156         0.0320         0.0586         0.0586         0.6296         0.0115
 3.2300         0.0916         0.0490         0.2150         0.0317         0.0583         0.0583         0.6296         0.0114
 3.2400         0.0911         0.0487         0.2145         0.0315         0.0580         0.0580         0.6296         0.0113
 3.2500         0.0906         0.0484         0.2139         0.0313         0.0577         0.0577         0.6296         0.0112
 3.2600         0.0902         0.0482         0.2134         0.0310         0.0573         0.0573         0.6296         0.0112
 3.2700         0.0897         0.0479         0.2129         0.0308         0.0570         0.0570         0.6296         0.0111
 3.2800         0.0892         0.0476         0.2124         0.0306         0.0567         0.0567         0.6296         0.0110
 3.2900         0.0887         0.0473         0.2118         0.0303         0.0564         0.0564         0.6296         0.0109
 3.3000         0.0883         0.0471         0.2113         0.0301         0.0561         0.0561         0.6296         0.0109
 3.3100         0.0878         0.0468         0.2108         0.0299         0.0558         0.0558         0.6296         0.0108
 3.3200         0.0873         0.0466         0.2103         0.0297         0.0555         0.0555         0.6296         0.0107
 3.3300         0.0869         0.0463         0.2098         0.0294         0.0551         0.0551         0.6296         0.0106
 3.3400         0.0864         0.0460         0.2093         0.0292         0.0548         0.0548         0.6296         0.0106
 3.3500         0.0860         0.0458         0.2088         0.0290         0.0545         0.0545         0.6296         0.0105
 3.3600         0.0855         0.0455         0.2083         0.0288         0.0542         0.0542         0.6296         0.0104
 3.3700         0.0851         0.0453         0.2077         0.0286         0.0540         0.0540         0.6296         0.0104
 3.3800         0.0846         0.0450         0.2072         0.0284         0.0537         0.0537         0.6296         0.0103
 3.3900         0.0842         0.0448         0.2068         0.0282         0.0534         0.0534         0.6296         0.0102
 3.4000         0.0838         0.0445         0.2063         0.0280         0.0531         0.0531         0.6296         0.0102
 3.4100         0.0833         0.0443         0.2058         0.0278         0.0528         0.0528         0.6296         0.0101
 3.4200         0.0829         0.0440         0.2053         0.0276         0.0525         0.0525         0.6296         0.0100
 3.4300         0.0825         0.0438         0.2048         0.0274         0.0522         0.0522         0.6296         0.0100
 3.4400         0.0820         0.0436         0.2043         0.0272         0.0519         0.0519         0.6296         0.0099
 3.4500         0.0816         0.0433         0.2038         0.0270         0.0517         0.0517         0.6296         0.0098
 3.4600         0.0812         0.0431         0.2033         0.0268         0.0514         0.0514         0.6296         0.0098
 3.4700         0.0808         0.0429         0.2029         0.0266         0.0511         0.0511         0.6296         0.0097
 3.4800         0.0804         0.0426         0.2024         0.0264         0.0509         0.0509         0.6296         0.0097
 3.4900         0.0800         0.0424         0.2019         0.0262         0.0506         0.0506         0.6296         0.0096
 3.5000         0.0796         0.0422         0.2014         0.0260         0.0503         0.0503         0.6296         0.0095
 3.5100         0.0792         0.0419         0.2010         0.0259         0.0500         0.0500         0.6296         0.0095
 3.5200         0.0788         0.0417         0.2005         0.0257         0.0498         0.0498         0.6296         0.0094
 3.5300         0.0784         0.0415         0.2000         0.0255         0.0495         0.0495         0.6296         0.0094
 3.5400         0.0780         0.0413         0.1996         0.0253         0.0493         0.0493         0.6296         0.0093
 3.5500         0.0776         0.0411         0.1991         0.0251         0.0490         0.0490         0.6296         0.0092
 3.5600         0.0772         0.0408         0.1986         0.0250         0.0488         0.0488         0.6296         0.0092
 3.5700         0.0768         0.0406         0.1982         0.0248         0.0485         0.0485         0.6296         0.0091
 3.5800         0.0764         0.0404         0.1977         0.0246         0.0483         0.0483         0.6296         0.0091
 3.5900         0.0761         0.0402         0.1973         0.0244         0.0480         0.0480         0.6296         0.0090
 3.6000         0.0757         0.0400         0.1968         0.0243         0.0478         0.0478         0.6296         0.0090
 3.6100         0.0753         0.0398         0.1964         0.0241         0.0475         0.0475         0.6296         0.0089
 3.6200         0.0749         0.0396         0.1959         0.0239         0.0473         0.0473         0.6296         0.0089
 3.6300         0.0746         0.0394         0.1955         0.0238         0.0470         0.0470         0.6296         0.0088
 3.6400         0.0742         0.0392         0.1951         0.0236         0.0468         0.0468         0.6296         0.0088
 3.6500         0.0738         0.0390         0.1946         0.0234         0.0465         0.0465         0.6296         0.0087
 3.6600         0.0735         0.0388         0.1942         0.0233         0.0463         0.0463         0.6296         0.0086
 3.6700         0.0731         0.0386         0.1937         0.0231         0.0461         0.0461         0.6296         0.0086
 3.6800         0.0728         0.0384         0.1933         0.0230         0.0458         0.0458         0.6296         0.0085
 3.6900         0.0724         0.0382         0.1929         0.0228         0.0456         0.0456         0.6296         0.0085
 3.7000         0.0721         0.0380         0.1925         0.0227         0.0454         0.0454         0.6296         0.0084
 3.7100         0.0717         0.0378         0.1920         0.0225         0.0452         0.0452         0.6296         0.0084
 3.7200         0.0714         0.0376         0.1916         0.0224         0.0449         0.0449         0.6296         0.0083
 3.7300         0.0710         0.0374         0.1912         0.0222         0.0447         0.0447         0.6296         0.0083
 3.7400         0.0707         0.0372         0.1908         0.0221         0.0445         0.0445         0.6296         0.0083
 3.7500         0.0703         0.0370         0.1903         0.0219         0.0443         0.0443         0.6296         0.0082
 3.7600         0.0700         0.0368         0.1899         0.0218         0.0440         0.0440         0.6296         0.0082
 3.7700         0.0697         0.0366         0.1895         0.0216         0.0438         0.0438         0.6296         0.0081
 3.7800         0.0693         0.0365         0.1891         0.0215         0.0436         0.0436         0.6296         0.0081
 3.7900         0.0690         0.0363         0.1887         0.0213         0.0434         0.0434         0.6296         0.0080
 3.8000         0.0687         0.0361         0.1883         0.0212         0.0432         0.0432         0.6296         0.0080
 3.8100         0.0684         0.0359         0.1879         0.0210         0.0430         0.0430         0.6296         0.0079
 3.8200         0.0680         0.0357         0.1874         0.0209         0.0428         0.0428         0.6296         0.0079
 3.8300         0.0677         0.0356         0.1870         0.0208         0.0425         0.0425         0.6296         0.0078
 3.8400         0.0674         0.0354         0.1866         0.0206         0.0423         0.0423         0.6296         0.0078
 3.8500         0.0671         0.0352         0.1862         0.0205         0.0421         0.0421         0.6296         0.0077
 3.8600         0.0668         0.0350         0.1858         0.0204         0.0419         0.0419         0.6296         0.0077
 3.8700         0.0665         0.0349         0.1854         0.0202         0.0417         0.0417         0.6296         0.0077
 3.8800         0.0661         0.0347         0.1850         0.0201         0.0415         0.0415         0.6296         0.0076
 3.8900         0.0658         0.0345         0.1846         0.0200         0.0413         0.0413         0.6296         0.0076
 3.9000         0.0655         0.0344         0.1843         0.0198         0.0411         0.0411         0.6296         0.0075
 3.9100         0.0652         0.0342         0.1839         0.0197         0.0409         0.0409         0.6296         0.0075
 3.9200         0.0649         0.0340         0.1835         0.0196         0.0407         0.0407         0.6296         0.0075
 3.9300         0.0646         0.0339         0.1831         0.0195         0.0405         0.0405         0.6296         0.0074
 3.9400         0.0643         0.0337         0.1827         0.0193         0.0403         0.0403         0.6296         0.0074
 3.9500         0.0640         0.0335         0.1823         0.0192         0.0402         0.0402         0.6296         0.0073
 3.9600         0.0637         0.0334         0.1819         0.0191         0.0400         0.0400         0.6296         0.0073
 3.9700         0.0634         0.0332         0.1816         0.0190         0.0398         0.0398         0.6296         0.0073
 3.9800         0.0632         0.0331         0.1812         0.0188         0.0396         0.0396         0.6296         0.0072
 3.9900         0.0629         0.0329         0.1808         0.0187         0.0394         0.0394         0.6296         0.0072
 4.0000         0.0626         0.0327         0.1804         0.0186         0.0392         0.0392         0.6296         0.0071
