2021-04-06  -4.420     1495      18
2021-04-07  -4.593     1383      14
2021-04-11  -4.355      934      12
2021-04-12  -4.610     1206      12
2021-04-13  -4.547     1227      13
2021-04-14  -3.885     1217      25
2021-04-15  -3.547     1076      31
2021-04-16  -3.297      973      36
2021-04-17  -2.917      869      47
2021-04-18  -3.579      717      20
2021-04-19  -2.917     1350      73
2021-04-20  -2.765     1016      64
2021-04-21  -2.966     1262      65
2021-04-22  -2.703     1299      87
2021-04-23  -2.490      905      75
2021-04-24  -2.212      594      65
2021-04-25  -1.813      564      92
2021-04-26  -2.418     1235     110
2021-04-27  -2.238     1003     107
2021-04-28  -1.966      993     139
2021-04-29  -2.074      987     124
2021-04-30  -1.730      835     148
2021-05-01  -1.514      582     128
2021-05-02  -1.192      428     130
2021-05-03  -1.510      688     152
2021-05-04  -1.482      964     219
2021-05-05  -1.184      895     274
2021-05-06  -1.155      892     281
2021-05-07  -0.936      770     302
2021-05-08  -0.856      586     249
2021-05-09  -0.590      489     271
2021-05-10  -0.648     1044     546
2021-05-11  -0.515      798     477
2021-05-12  -0.300      707     524
2021-05-13  -0.652      641     334
2021-05-14  -0.382      595     406
2021-05-15  -0.084      459     422
2021-05-16  -0.018      393     386
2021-05-17   0.120      799     901
2021-05-18   0.369      619     895
2021-05-19   0.259      810    1049
2021-05-20   0.349      689     977
2021-05-21   0.536      447     764
2021-05-22   0.706      399     808
2021-05-23   0.930      339     859
2021-05-24   1.053      509    1459
2021-05-25   1.236      433    1490
2021-05-26   1.057      551    1585
2021-05-27   0.970      548    1446
2021-05-28   1.216      525    1772
2021-05-29   1.650      361    1880
2021-05-30   1.746      316    1812
2021-05-31   1.781      342    2031
2021-06-01   1.804      471    2862
2021-06-02   1.879      457    2992
2021-06-03   2.012      413    3090
2021-06-04   1.915      444    3014
2021-06-05   2.075      371    2955
2021-06-06   2.315      291    2946
2021-06-07   2.464      365    4290
2021-06-08   2.585      277    3675
2021-06-09   2.440      313    3590
2021-06-10   2.567      217    2827
2021-06-11   2.664      149    2138
2021-06-12   2.744      106    1648
2021-06-13   3.139       56    1292
2021-06-14   2.934       92    1729
2021-06-15   3.483      100    3255
2021-06-16   3.495       96    3163
2021-06-17   3.303       91    2475
2021-06-18   3.773       78    3395
2021-06-19   3.465       54    1727
2021-06-20   3.564       61    2154
2021-06-21   3.667       82    3208
2021-06-22   4.173       67    4351
2021-06-23   4.357       47    3668
2021-06-24   4.501       38    3424
2021-06-25   3.987       50    2695
2021-06-26   3.986       77    4147
2021-06-27   4.422       39    3248
2021-06-28   4.360       48    3757
2021-06-29   5.466       24    5675
2021-06-30   5.009       26    3895
2021-07-01   5.067       21    3331
2021-07-02   4.996       14    2070
2021-07-04   4.902       10    1346
